Bedroom,HousePrice
4,209483
5,248392
3,153067
5,255265
5,259488
2,92454
3,151837
3,154039
3,159115
5,250965
4,199762
3,145056
5,254948
2,98110
4,203773
2,107412
4,190502
5,246910
1,52685
4,190206
2,107868
5,255934
4,207247
1,59174
1,48755
3,152383
3,158141
2,104820
4,197574
4,196374
3,141678
4,209626
4,191059
1,56198
3,149914
5,259541
3,150817
5,250921
1,49789
2,106312
4,201252
1,42693
4,203931
2,93627
2,106157
1,50173
2,108047
5,250230
2,105707
4,201494
4,191306
4,196776
4,199474
5,247526
3,145530
1,43748
4,203545
2,90663
4,191998
2,97994
2,107879
4,193304
5,258237
2,103808
2,96585
4,207675
2,109965
2,101649
4,191636
4,207082
1,44737
5,254555
5,253877
2,90854
5,245855
2,97392
1,53949
4,208091
4,195791
4,194931
5,259894
1,40202
5,251447
5,252688
1,44389
1,42327
1,48004
1,59315
4,197777
3,140197
3,141930
1,51774
3,155087
3,149339
1,51589
3,158895
5,255708
2,107043
2,92811
1,54243
